%OSF estimates from the combined ACE and Wind 128-second magnetic field and electron data. See the paper 'Estimating the Open Solar Flux from In-Situ Measurements' for more info.
%
%(Anna Frost, 06/04/22)
%
%Year	Month	Day	Hour	Minute	Second	OSF (x10^{14} Wb)	OSF minimum (x10^{14} Wb)	OSF maximum (x10^{14} Wb)	Absolute OSF error (x10^{14} Wb)	Open Flux (%)	Inverted Flux (%)	Newly-Opened Flux (%)	Disconnected Flux (%)	Available Data (%)
1994	11	6	21	28	22	-9999	-9999	-9999	-9999	-9999	-9999	-9999	-9999	-9999
1994	12	4	3	57	10	4.424583973	4.139167895	4.71000005	6.450687317	45.48786874	21.24279979	27.56152906	5.707802409	81.34317762
1994	12	31	10	25	58	6.89002735	6.513082425	7.266972275	5.470877056	66.77901359	14.60510055	12.11099876	6.504887091	96.70795306
1995	1	27	16	54	46	7.122343024	6.711155458	7.53353059	5.773206435	70.39424887	17.22485308	6.68682604	5.694072003	95.21921008
1995	2	23	23	23	34	7.151476378	6.703147934	7.599804822	6.269033422	71.28818376	16.67653327	6.44683874	5.588444234	91.76943554
1995	3	23	5	52	22	5.787213422	5.513775361	6.060651484	4.724865685	60.84370225	17.77996071	11.91879502	9.457542021	99.54908459
1995	4	19	12	21	10	6.740267936	6.409378162	7.071157711	4.909148681	68.79771516	14.48893283	8.694458175	8.018893832	98.90808344
1995	5	16	18	49	58	8.835701991	8.258657304	9.412746678	6.530830123	72.47104008	8.678684259	14.01226538	4.838010283	87.7003314
1995	6	13	1	18	46	5.767994624	5.479789265	6.056199983	4.996630166	66.04407713	14.60606061	5.724517906	13.62534435	98.60379204
1995	7	10	7	47	34	5.39400966	5.122047779	5.665971541	5.041924246	54.26300977	18.6192815	13.56989129	13.54781745	98.44624328
1995	8	6	14	16	22	5.273629183	4.93990351	5.607354855	6.328197553	51.47830234	19.77229375	19.90939437	8.840009537	91.13428944
1995	9	2	20	45	10	5.117370924	4.788572955	5.446168893	6.425134587	53.59019264	15.98526481	14.75330636	15.67123619	89.96034117
1995	9	30	3	13	58	7.901054306	7.507872092	8.294236519	4.976325923	68.90932115	11.73264329	14.45245829	4.905577272	98.67441734
1995	10	27	9	42	46	6.261970809	5.870229689	6.65371193	6.255875867	71.28502187	13.38219648	7.14623478	8.186546873	91.91068615
1995	11	23	16	11	34	5.020095498	4.696088656	5.344102339	6.454196775	49.40176131	18.38445187	20.01214698	12.20163984	89.44480661
1995	12	20	22	40	22	5.033878361	4.703689085	5.364067637	6.559341575	41.81162629	18.02138023	24.70744513	15.45954836	85.88580431
1996	1	17	5	9	10	6.542180761	6.168665767	6.915695755	5.709334658	52.52387449	14.67144156	22.10095498	10.70372897	95.57233661
1996	2	13	11	37	58	5.775948307	5.452094565	6.099802049	5.606936296	60.5380659	16.35675126	12.82993274	10.2752501	96.12104091
1996	3	11	18	6	46	4.715300183	4.406174109	5.024426256	6.555809001	48.25573939	16.2819033	16.62819033	18.83416699	84.71316819
1996	4	8	0	35	34	4.288779702	4.007572085	4.569987318	6.556821197	45.11657617	19.78281699	16.0459917	19.05461514	85.04916608
1996	5	5	7	4	22	5.928444885	5.597235385	6.259654385	5.586785514	52.56649161	13.0555085	17.91179626	16.46620363	96.20796436
1996	6	1	13	33	10	5.148708923	4.903348529	5.394069316	4.76547417	70.18799869	14.29117936	3.765438846	11.7553831	99.40783398
1996	6	28	20	1	58	5.51409026	5.225476257	5.802704264	5.234118229	64.86937187	16.22568093	7.465258477	11.43968872	97.72924815
1996	7	26	2	30	46	5.556715951	5.208925977	5.904505925	6.258912226	60.38315989	18.33609272	9.567171239	11.71357616	91.87808986
1996	8	22	8	59	34	5.750328047	5.42219209	6.078464003	5.70638673	48.49104859	21.67661267	21.93805058	7.89428815	95.58863476
1996	9	18	15	28	22	5.280048738	4.976932797	5.583164679	5.740779225	45.78018223	19.32232346	20.60933941	14.2881549	95.39848971
1996	10	15	21	57	10	6.098368147	5.73111976	6.465616535	6.022076376	59.07510431	17.13606861	14.67315716	9.115669912	93.74185137
1996	11	12	4	25	58	6.117793006	5.716666265	6.518919748	6.556723	43.05067416	17.59217841	29.50987284	9.847274586	85.01656978
1996	12	9	10	54	46	5.421987698	5.069833768	5.774141628	6.494923082	51.81398417	18.21899736	19.96042216	10.00659631	82.35997175
1997	1	5	17	23	34	6.581997825	6.203105021	6.960890629	5.756501509	58.21933425	13.17829457	18.75854993	9.843821249	95.31156625
1997	2	1	23	52	22	6.081342466	5.792772927	6.369912005	4.745161782	67.39296636	13.22083879	8.895806029	10.49038882	99.47848761
1997	3	1	6	21	10	4.946325386	4.714472273	5.178178499	4.687380929	59.52147373	13.84892086	6.894484412	19.73512099	99.67946977
1997	3	28	12	49	58	6.190825191	5.893965861	6.48768452	4.795149602	61.03725587	17.30948082	13.28300235	8.370260955	99.30461238
1997	4	24	19	18	46	5.260063118	5.004877639	5.515248596	4.851376736	60.39028669	12.46505509	8.046922107	19.09773612	99.10903461
1997	5	22	1	47	34	3.703216168	3.525641815	3.880790521	4.795138742	49.69365427	18.33698031	16.26367615	15.70568928	99.30465015
1997	6	18	8	16	22	5.243426534	4.993716187	5.493136881	4.762350441	49.2568306	14.62295082	23.18579235	12.93442623	99.41869941
1997	7	15	14	45	10	4.977492973	4.744489883	5.210496062	4.681133469	46.8722755	15.23539669	21.77964255	16.11268527	99.70120063
1997	8	11	21	13	58	4.77792753	4.552848495	5.003006566	4.710808901	56.66284842	17.03485518	11.07838324	15.22391316	99.59797903
1997	9	8	3	42	46	6.495652858	6.187220725	6.80408499	4.748285342	44.40742764	14.21081376	30.13107591	11.25068269	99.46762277
1997	10	5	10	11	34	5.697456942	5.420250962	5.974662922	4.86543352	46.3090929	15.7946693	25.38115608	12.51508172	99.06014016
1997	11	1	16	40	22	5.855386441	5.562814435	6.147958446	4.996630166	58.1322314	18.01101928	17.10192837	6.754820937	98.60379204
1997	11	28	23	9	10	6.14456963	5.843306403	6.445832857	4.902918276	66.50741351	13.01482702	9.824272378	10.6534871	98.92975498
1997	12	26	5	37	58	5.863721726	5.573390291	6.154053162	4.951316741	60.79757976	18.66886689	10.96259626	9.570957096	98.76140808
1998	1	22	12	6	46	5.677175553	5.386769182	5.967581925	5.115331894	62.47578994	18.46051685	9.462675004	9.601018206	98.19090563
1998	2	18	18	35	34	6.814050347	6.483155815	7.144944879	4.856062331	72.04495614	12.84539474	7.697368421	7.412280702	99.09273646
1998	3	18	1	4	22	8.375742466	7.979607431	8.771877501	4.729551279	73.87697178	11.96987064	10.6053163	3.547841275	99.53278644
1998	4	14	7	33	10	10.19716648	9.705331564	10.68900139	4.823250782	70.99441463	10.21246304	14.03460738	4.758514949	99.20686658
1998	5	11	14	1	58	6.469678062	6.153687606	6.785668519	4.884175898	71.13379431	20.9033037	4.703106135	3.259795851	98.99494757
1998	6	7	20	30	46	6.710571722	6.276860051	7.144283393	6.463110584	61.55765135	17.63918467	17.04289626	3.760267721	89.28668441
1998	7	5	2	59	34	5.718320859	5.35433917	6.082302549	6.365184785	53.61034607	17.40510119	20.69213268	8.292420069	90.73721954
1998	8	1	9	28	22	7.273470418	6.814368637	7.7325722	6.312004519	60.95906711	16.70038077	16.26606378	6.074488339	91.3081269
1998	8	28	15	57	10	7.289957082	6.943125357	7.636788807	4.757664846	74.41403049	13.58247282	5.316068404	6.68742829	99.43499756
1998	9	24	22	25	58	9.523554033	9.02495729	10.02215078	5.235406251	73.82143651	10.07894152	13.52012453	2.579497443	97.72369207
1998	10	22	4	54	46	6.935633812	6.48438837	7.386879253	6.50618896	52.71567596	18.24039979	26.0783798	2.96554445	82.62074211
1998	11	18	11	23	34	8.61316789	8.106197116	9.120138663	5.885996649	60.68613467	11.04271451	22.62592898	5.64522183	72.36527597
1998	12	15	17	52	22	8.401084516	7.855460395	8.946708637	6.494686731	54.26479319	12.46124415	28.68922752	4.584735141	82.35453903
1999	1	12	0	21	10	8.973408399	8.46921265	9.477604148	5.618776354	53.62071903	8.868631794	33.97512353	3.535525643	63.76921823
1999	2	8	6	49	58	7.677827769	7.20280726	8.152848279	6.18691281	65.95248197	12.13406873	20.81742328	1.096026022	76.82946705
1999	3	7	13	18	46	-9999	-9999	-9999	-9999	-9999	-9999	-9999	-9999	-9999
1999	4	3	19	47	34	8.171584917	7.650226567	8.692943267	6.380137457	58.84071759	14.96330525	23.57977711	2.616200054	79.94784593
1999	5	1	2	16	22	6.355993766	5.939262384	6.772725148	6.556510241	54.08032745	15.88641596	26.75876183	3.274494756	84.94594448
1999	5	28	8	45	10	6.314022482	5.981628787	6.646416177	5.264373	76.25939326	13.41497356	7.881992764	2.443640412	97.59873961
1999	6	24	15	13	58	6.439651634	6.126838476	6.752464792	4.857609941	69.7752193	13.73903509	10.21381579	6.271929825	99.08735332
1999	7	21	21	42	46	7.887077368	7.442280353	8.331874382	5.639567025	66.18354753	9.856762724	19.43610938	4.523580366	95.95805943
1999	8	18	4	11	34	8.4508704	7.899982166	9.001758635	6.518715921	67.90430122	10.90992287	18.68218068	2.503595241	83.10968653
1999	9	14	10	40	22	10.06685428	9.42143272	10.71227584	6.411352975	65.9419417	9.648277523	21.48277523	2.927005541	90.20481339
1999	10	11	17	9	10	9.345947327	8.821764043	9.87013061	5.608669355	54.34037931	8.229593116	34.60606567	2.823961902	65.0206432
1999	11	7	23	37	58	7.563425479	7.101604237	8.02524672	6.105979931	36.12376614	12.0254366	43.37509491	8.475702354	57.23909382
1999	12	5	6	6	46	-9999	-9999	-9999	-9999	-9999	-9999	-9999	-9999	-9999
2000	1	1	12	35	34	-9999	-9999	-9999	-9999	-9999	-9999	-9999	-9999	-9999
2000	1	28	19	4	22	8.504605474	8.042756268	8.966454681	5.430577681	67.32645509	12.50981272	18.01054166	2.153190535	96.88179053
2000	2	25	1	33	10	6.664770338	6.305266383	7.024274292	5.39409366	66.47631844	16.44832606	9.276676744	7.798678759	97.03916988
2000	3	23	8	1	58	7.419909197	6.961349106	7.878469289	6.18013077	64.53430366	16.16292036	15.24150478	4.061271201	92.56804477
2000	4	19	14	30	46	6.671189807	6.256803102	7.085576511	6.211586189	66.47446458	18.67498235	12.64415157	2.206401506	92.33443799
2000	5	16	20	59	34	8.762054777	8.19356294	9.330546613	6.488110964	57.76500132	15.58287074	25.32381708	1.328310864	82.20338983
2000	6	13	3	28	22	6.21651729	5.810527405	6.622507175	6.530825317	48.17029574	19.66200845	28.70328242	3.46441339	83.58233281
2000	7	10	9	57	10	8.320718793	7.850904422	8.790533163	5.646319532	44.93983205	9.782702796	36.87992382	8.397541338	62.75330037
2000	8	6	16	25	58	8.844693051	8.308193808	9.381192293	6.065775705	72.61542915	8.228397742	17.32522796	1.830945144	75.06926713
2000	9	2	22	54	46	8.107916958	7.681394741	8.534439175	5.260564694	70.2821526	11.19149647	13.21720741	5.309143525	97.61516732
2000	9	30	5	23	34	5.686499175	5.403165181	5.969833169	4.982573383	62.94950162	19.32925822	11.74624153	5.974998623	98.65268648
2000	10	27	11	52	22	7.617079869	7.25290021	7.981259527	4.781092819	59.58552056	12.34689414	23.36504812	4.702537183	99.35350682
2000	11	23	18	21	10	7.074950736	6.746304376	7.403597096	4.645210578	71.51020408	12.91972789	11.06394558	4.506122449	99.82615309
2000	12	21	0	49	58	6.142041734	5.854812625	6.429270844	4.676443463	71.17018958	14.16430595	7.621486163	7.044018305	99.71751412
2001	1	17	7	18	46	5.676951868	5.413777498	5.940126239	4.635839389	67.0910179	12.87742778	10.07018117	9.961373157	99.85874939
2001	2	13	13	47	34	5.737434918	5.406016242	6.068853594	5.776425884	66.74115743	16.2210064	14.13269631	2.905139863	70.50035313
2001	3	12	20	16	22	5.798165638	5.515425827	6.080905449	4.876366574	54.33697262	18.54940473	18.19827728	8.915345367	99.02211115
2001	4	9	2	45	10	7.192126771	6.85601568	7.528237863	4.673319903	69.14151868	15.11057849	13.14413335	2.603769474	99.72837897
2001	5	6	9	13	58	7.897891275	7.532004429	8.26377812	4.632715659	72.83359626	18.51166839	5.711798945	2.942936409	99.86961482
2001	6	2	15	42	46	6.712539725	6.397582896	7.027496554	4.692066523	73.05532843	15.14854184	7.326246934	4.469882802	99.66317162
2001	6	29	22	11	34	7.663555477	7.30026583	8.026845124	4.740484333	75.25390412	13.49787048	6.901823741	4.34640166	99.49475743
2001	7	27	4	40	22	5.984410134	5.706234917	6.26258535	4.648331423	63.18166975	22.23250245	8.593664961	5.992162839	99.8152977
2001	8	23	11	9	10	7.212265492	6.74550493	7.679026055	6.471760681	67.2619838	13.06599389	15.58225999	4.089762316	81.8275656
2001	9	19	17	37	58	6.687071229	6.26731505	7.106827409	6.277130379	46.90092439	13.27328751	26.3865845	13.4392036	91.68251209
2001	10	17	0	6	46	5.527661399	5.165108537	5.89021426	6.558883324	38.37526139	16.01926367	37.04454724	8.560927698	85.73368827
2001	11	13	6	35	34	9.04763977	8.529544132	9.565735408	5.72630709	56.38721775	8.4147199	31.72904133	3.469021017	69.52955237
2001	12	10	13	4	22	9.394274873	8.943658613	9.844891133	4.796711467	74.6799431	11.32509027	12.03632783	1.958638801	99.29917966
2002	1	6	19	33	10	10.48749956	9.997548511	10.97745061	4.67176228	85.64113738	6.656498529	4.58655627	3.115807822	99.73379693
2002	2	3	2	1	58	9.974402549	9.509356893	10.43944821	4.662391091	84.82356785	5.902853409	5.489000218	3.784578523	99.76639322
2002	3	2	8	30	46	8.535397764	8.074563633	8.996231895	5.399093795	68.0721205	13.64578084	15.39839857	2.883700095	97.01760104
2002	3	29	14	59	34	7.46432241	7.101733679	7.826911142	4.857624196	66.20977027	15.81227041	14.92954658	3.048412742	99.08730374
2002	4	25	21	28	22	11.23702266	10.6732686	11.80077672	5.016934409	88.11821139	9.031262061	1.32326184	1.527264708	98.53316673
2002	5	23	3	57	10	8.857861554	8.430900275	9.284822832	4.82013944	75.80353721	11.66292504	7.337239227	5.196298527	99.21768892
2002	6	19	10	25	58	7.186811626	6.843091975	7.530531278	4.782644502	71.17235346	15.49650044	8.666885389	4.664260717	99.34810952
2002	7	16	16	54	46	6.846769575	6.440625391	7.252913759	5.931909634	65.92344853	20.19323671	11.0739502	2.809364548	73.09719129
2002	8	12	23	23	34	8.583798187	8.024066793	9.143529581	6.520789301	71.83550157	15.54966397	11.51119058	1.103643874	88.1132178
2002	9	9	5	52	22	8.118960813	7.59178663	8.646134995	6.493123872	69.59662117	16.74113974	12.34008692	1.32215217	88.75427826
2002	10	6	12	21	10	11.64432671	10.88049145	12.40816197	6.559720284	70.34042822	10.50969494	18.25301585	0.896860987	86.01151673
2002	11	2	18	49	58	10.54014469	9.882846563	11.19744282	6.236139535	68.56165595	11.05148316	20.30429911	0.082561774	92.12256207
2002	11	30	1	18	46	11.21347909	10.68488324	11.74207494	4.713932631	77.79717419	8.433800666	13.26168785	0.507337297	99.5871136
2002	12	27	7	47	34	9.771461091	9.213671695	10.32925049	5.708352016	80.73097255	13.6815779	4.609787984	0.97766157	95.57776933
2003	1	23	14	16	22	11.80908817	11.15618643	12.46198991	5.528807407	83.02545618	9.472854246	6.504843433	0.996846137	96.45806171
2003	2	19	20	45	10	11.03378997	10.51504321	11.55253674	4.701437712	89.37237581	7.574022575	2.377446971	0.676154643	99.63057532
2003	3	19	3	13	58	9.161839182	8.732961262	9.590717102	4.681133469	83.50588492	12.58718396	2.435701831	1.471229294	99.70120063
2003	4	15	9	42	46	10.43331189	9.847928539	11.01869524	5.610714568	86.73827021	9.615602035	1.526286037	2.119841718	96.10474276
2003	5	12	16	11	34	9.286073404	8.851670404	9.720476405	4.678005243	77.00354127	11.20675565	6.908199401	4.881503677	99.7120817
2003	6	8	22	40	22	8.867921239	8.438258991	9.297583488	4.845129277	77.5031512	15.64640763	5.343344111	1.507097057	99.13076547
2003	7	6	5	9	10	11.29336628	10.77116326	11.81556929	4.623980149	77.48776509	8.374116368	13.70853725	0.429581294	99.90764383
2003	8	2	11	37	58	10.71722796	10.10623443	11.3282215	5.701040773	80.95763112	9.253425736	9.229799968	0.559143172	68.98462541
2003	8	29	18	6	46	9.542089616	9.064861689	10.01931754	5.0012937	81.14943795	8.94313423	7.769451179	2.137976637	98.58757062
2003	9	26	0	35	34	10.47530601	9.844342223	11.10626979	6.023344639	67.54979331	6.70800451	19.03419767	6.70800451	57.82582713
2003	10	23	7	4	22	-9999	-9999	-9999	-9999	-9999	-9999	-9999	-9999	-9999
2003	11	19	13	33	10	-9999	-9999	-9999	-9999	-9999	-9999	-9999	-9999	-9999
2003	12	16	20	1	58	-9999	-9999	-9999	-9999	-9999	-9999	-9999	-9999	-9999
2004	1	13	2	30	46	-9999	-9999	-9999	-9999	-9999	-9999	-9999	-9999	-9999
2004	2	9	8	59	34	-9999	-9999	-9999	-9999	-9999	-9999	-9999	-9999	-9999
2004	3	7	15	28	22	8.45297913	8.012666968	8.893291292	5.20895835	86.64001333	10.69465267	1.332667	1.332667	97.83777911
2004	4	3	21	57	10	7.176110397	6.828979921	7.523240873	4.837306801	59.85865337	11.83914973	18.64351066	9.658686243	99.15797479
2004	5	1	4	25	58	6.808437307	6.485046372	7.131828242	4.749855522	68.06860389	20.49377321	10.0174787	1.420144199	99.46216113
2004	5	28	10	54	46	7.518354821	7.146682939	7.890026704	4.943526762	79.24549054	12.87395513	6.692696876	1.187857457	98.78850437
2004	6	24	17	23	34	7.971052028	7.596546976	8.34555708	4.698313982	77.26405321	11.54789815	9.601439398	1.586609236	99.64144076
2004	7	21	23	52	22	7.933584466	7.552786368	8.314382564	4.799824082	59.2055589	10.50500629	26.41571374	3.87372107	99.28835289
2004	8	18	6	21	10	7.539021709	7.154906468	7.923136949	5.095027651	69.88997623	13.24708354	11.61054901	5.25239122	98.26153094
2004	9	14	12	49	58	5.84045431	5.562676289	6.118232332	4.756102981	70.08850524	17.07277098	8.364291958	4.474431818	99.44043027
2004	10	11	19	18	46	5.721617289	5.43224404	6.010990537	5.057542895	60.62613881	16.90133068	7.08409254	15.38843797	98.39191612
2004	11	8	1	47	34	7.857301325	7.480410111	8.234192538	4.796700522	74.99316155	12.7851633	9.223699327	2.997975819	99.29921773
2004	12	5	8	16	22	8.374419015	7.916577783	8.832260247	5.467140245	73.55650416	15.10334756	7.796000899	3.544147383	96.72407236
2005	1	1	14	45	10	8.233034759	7.806045806	8.660023712	5.18628872	67.76501914	15.41021801	9.985022466	6.839740389	97.93556799
2005	1	28	21	13	58	8.448234279	7.933476629	8.962991929	6.093079728	69.45448187	12.93857093	12.8336636	4.773283599	93.21453795
2005	2	25	3	42	46	6.742174913	6.370686667	7.11366316	5.509917075	69.46710934	16.40875584	8.052444995	6.071689832	96.53954802
2005	3	24	10	11	34	7.201865292	6.841339818	7.562390766	5.006001355	70.49713404	13.62433862	8.58686067	7.291666667	98.57119574
2005	4	20	16	40	22	11.22821231	10.63386488	11.82255974	5.29333975	73.954966	10.54508973	8.783859102	6.716085163	97.47378715
2005	5	17	23	9	10	5.822388946	5.529283196	6.115494697	5.034114922	61.87244842	17.65419839	14.76884034	5.704512854	98.47340686
2005	6	14	5	37	58	7.084550417	6.729346082	7.439754751	5.01378794	65.54024256	14.63616318	14.02425579	5.799338479	98.54411126
2005	7	11	12	6	46	7.047034691	6.704386033	7.389683348	4.86230979	68.05220443	12.94143453	6.887475324	12.11888572	99.0710056
2005	8	7	18	35	34	7.217137754	6.862272891	7.572002617	4.916975059	62.4690951	11.93890446	16.94961815	8.642382287	98.88086054
2005	9	4	1	4	22	6.492042931	6.176582486	6.807503377	4.85918606	63.00032898	13.3457616	13.3073802	10.34652922	99.08187103
2005	10	1	7	33	10	6.759419396	6.367659737	7.151179055	5.795759015	73.1162525	10.9283062	7.723507569	8.231933733	95.09452412
2005	10	28	14	1	58	7.055184377	6.720734467	7.389634288	4.740484333	77.78202468	10.81140111	4.5593535	6.847220705	99.49475743
2005	11	24	20	30	46	7.55461089	7.113716578	7.995505201	5.83609557	75.68573556	12.85002577	3.498826089	7.965412587	94.87151627
2005	12	22	2	59	34	6.596265706	6.262347664	6.930183748	5.062228489	72.46520875	12.1051469	9.106472277	6.323172079	98.37561797
2006	1	18	9	28	22	5.52319362	5.179153048	5.867234191	6.22901522	64.84209286	14.40018855	8.973603582	11.78411501	92.19904389
2006	2	14	15	57	10	5.799400589	5.515785348	6.08301583	4.890423357	65.5725107	12.8115051	10.64880887	10.96717532	98.97321671
2006	3	13	22	25	58	5.825728188	5.514197666	6.13725871	5.347494977	66.04838259	15.49807252	8.827308788	9.626236103	97.24018037
2006	4	10	4	54	46	5.685990727	5.385155142	5.986826313	5.290820902	68.30695497	13.86535889	9.908604547	7.919081587	97.48465258
2006	5	7	11	23	34	5.610109145	5.311523815	5.908694476	5.322273111	73.92299107	14.18526786	4.732142857	7.159598214	97.3489787
2006	6	3	17	52	22	5.547943243	5.239947973	5.855938513	5.551521645	64.70090771	16.28798557	4.685121497	14.32598523	96.3600804
2006	7	1	0	21	10	3.979024434	3.757376339	4.200672528	5.570413003	55.29285634	18.35007336	9.118609638	17.23846067	96.27858967
2006	7	28	6	49	58	4.512526351	4.274742805	4.750309898	5.269410696	55.06374923	19.42542175	10.7900451	14.72078392	97.57700875
2006	8	24	13	18	46	5.13159366	4.832615761	5.43057156	5.826219284	56.82728625	16.90511617	11.19949639	15.06810118	94.92611908
2006	9	20	19	47	34	4.147948387	3.883860834	4.412035939	6.366702964	56.36864483	20.5760824	9.204143961	13.85112881	90.72092139
2006	10	18	2	16	22	4.443206557	4.175988763	4.71042435	6.01407542	55.49635121	17.71690027	12.93293177	13.85381675	93.80127126
2006	11	14	8	45	10	-9999	-9999	-9999	-9999	-9999	-9999	-9999	-9999	-9999
2006	12	11	15	13	58	-9999	-9999	-9999	-9999	-9999	-9999	-9999	-9999	-9999
2007	1	7	21	42	46	6.754910569	6.351382901	7.158438236	5.973841745	68.17158363	10.16107615	13.20362566	8.463714566	94.10007063
2007	2	4	4	11	34	5.613839189	5.278559453	5.949118925	5.972378703	69.02384114	14.05645673	9.068867979	7.850834151	94.11093606
2007	3	3	10	40	22	4.450061691	4.184026729	4.716096653	5.978230873	59.60150159	18.382905	12.902108	9.113485417	94.06747433
2007	3	30	17	9	10	3.517787567	3.328789248	3.706785887	5.37264733	58.07606264	18.70246085	6.856823266	16.36465324	97.13168188
2007	4	26	23	37	58	4.480877032	4.230709343	4.731044721	5.583007242	51.50180668	14.40266486	16.4295393	17.66598916	96.22426251
2007	5	24	6	6	46	5.681124914	5.375896056	5.986353773	5.372683454	70.03188098	13.18306393	8.993791599	7.791263493	97.13152605
2007	6	20	12	35	34	5.132344928	4.844836169	5.419853686	5.6018986	62.11222241	13.68028479	11.99073289	12.2167599	96.14277177
2007	7	17	19	4	22	4.458735639	4.19348749	4.723983787	5.948954372	59.36157606	14.49414901	6.628647608	19.51562731	73.34854411
2007	8	14	1	33	10	-9999	-9999	-9999	-9999	-9999	-9999	-9999	-9999	-9999
2007	9	10	8	1	58	4.400801157	4.146431936	4.655170378	5.780066217	64.8702235	16.36625811	5.632660418	13.13085797	60.28141468
2007	10	7	14	30	46	4.284761165	4.04980574	4.51971659	5.483512756	62.94193693	14.47361025	6.930470463	15.65398235	96.65344706
2007	11	3	20	59	34	6.065850133	5.684201205	6.447499061	6.291763227	69.97269706	11.6868471	11.3960114	6.944444444	91.52542373
2007	12	1	3	28	22	4.567998126	4.31544027	4.820555982	5.528852015	61.10954661	16.47423261	9.101661504	13.31455928	96.45786929
2007	12	28	9	57	10	5.426066713	5.127707606	5.724425819	5.498625842	64.34557624	13.00410597	9.612464143	13.03785365	96.58825447
2008	1	24	16	25	58	5.903643425	5.572035084	6.235251766	5.617011687	66.60446706	13.29940628	14.21543681	5.88068985	96.07757918
2008	2	20	22	54	46	5.127161785	4.796134764	5.458188806	6.456340465	63.35520719	15.85247296	14.80131243	5.991007413	89.40677966
2008	3	19	5	23	34	5.388362335	5.058389607	5.718335063	6.123803625	68.56742229	16.25379762	7.268053283	7.910726805	92.98636388
2008	4	15	11	52	22	5.086621103	4.77453106	5.398711146	6.135507967	73.62573099	14.89473684	3.85380117	7.625730994	92.89944043
2008	5	12	18	21	10	-9999	-9999	-9999	-9999	-9999	-9999	-9999	-9999	
2008	6	9	0	49	58	4.031773008	3.795684599	4.267861418	5.855696964	63.49461133	15.83925705	7.88809906	12.77803256	94.76314646
2008	7	6	7	18	46	4.349545751	4.136291078	4.562800425	4.902918276	65.10159253	16.97419001	5.639758375	12.28445909	98.92975498
2008	8	2	13	47	34	3.200936764	3.04759704	3.354276487	4.790464008	56.65682092	16.82529264	5.64489662	20.87298983	99.32091052
2008	8	29	20	16	22	4.022445308	3.818380159	4.226510456	5.073161543	58.53820231	15.73946191	10.12098779	15.60134799	98.33758896
2008	9	26	2	45	10	4.286532784	4.01071166	4.562353908	6.434597325	68.99388953	18.69441588	6.981668582	5.330026015	89.79248153
2008	10	23	9	13	58	4.369693435	4.134593441	4.604793429	5.380239997	65.98780283	17.52363901	4.822917249	11.66564091	97.09892975
2008	11	19	15	42	46	4.673643088	4.402675894	4.944610282	5.797772503	64.71260427	15.66106731	8.347617415	11.278711	95.08339219
2008	12	16	22	11	34	3.969203886	3.764244132	4.174163639	5.163749703	60.11749709	17.9293909	10.07038741	11.8827246	98.02249144
2009	1	13	4	40	22	3.302768887	3.106707632	3.498830142	5.936269291	54.23338325	18.00483815	8.501324732	19.26045386	94.31768796
2009	2	9	11	9	10	2.678847585	2.520348952	2.837346217	5.916672273	39.83660319	16.79420056	9.050112191	34.31908406	94.42603357
2009	3	8	17	37	58	3.501664528	3.302775047	3.700554009	5.679855377	58.25672455	16.71773919	6.866416979	18.15911928	95.73531809
2009	4	5	0	6	46	3.521495961	3.344494813	3.69849711	5.026305598	58.50752854	19.64591032	5.565054327	16.28150681	98.50057044
2009	5	2	6	35	34	3.407081352	3.240354774	3.57380793	4.893530881	59.3786024	14.99149146	3.397925015	22.23198112	98.96240765
2009	5	29	13	4	22	2.587010745	2.462151597	2.711869893	4.826386899	54.61963963	17.51465031	7.289555835	20.57615423	99.19595806
2009	6	25	19	33	10	2.646117867	2.498851477	2.793384257	5.565375308	52.34119373	17.52228365	9.567866411	20.56865621	96.30032053
2009	7	23	2	1	58	2.887375584	2.743960945	3.030790222	4.966954734	55.73779515	21.5256756	5.184655182	17.55187407	98.70701364
2009	8	19	8	30	46	3.552073776	3.320094449	3.784053103	6.530813874	60.44970268	18.52700694	6.726957384	14.296333	87.70099957
2009	9	15	14	59	34	3.372387442	3.212256583	3.532518301	4.748293657	63.9248457	16.50008193	4.642525534	14.93254683	99.46759385
2009	10	12	21	28	22	2.834342447	2.6979888	2.970696093	4.810768251	48.96819749	18.774974	13.64059335	18.61623515	99.25028522
2009	11	9	3	57	10	3.429994068	3.255663496	3.604324639	5.082532732	60.16579166	19.07709312	3.116883117	17.64023211	98.30499267
2009	12	6	10	25	58	2.868071533	2.732604	3.003539066	4.723296862	60.26956237	21.39037433	9.680235731	8.659827567	99.5545415
2010	1	2	16	54	46	4.3379663	4.080237383	4.595695217	5.941238341	65.23968656	15.13597603	6.937082277	12.68725513	94.29021568
2010	1	29	23	23	34	5.683051338	5.377575832	5.988526844	5.375202302	64.88225094	14.92420428	13.83341724	6.360127538	97.12066062
2010	2	26	5	52	22	5.327089133	5.075308125	5.578870142	4.726427549	73.80341647	15.82164493	4.1750805	6.199858102	99.54365187
2010	3	25	12	21	10	5.849312592	5.577873924	6.12075126	4.640522523	71.20626802	16.20327548	8.161488656	4.428967844	99.8424598
2010	4	21	18	49	58	5.126299098	4.859982494	5.392615703	5.195104687	76.08768036	11.40954495	5.199778024	7.30299667	97.89753898
2010	5	19	1	18	46	4.662622475	4.439334047	4.885910903	4.788902143	65.6566209	17.13066783	7.925395176	9.287316086	99.32634324
2010	6	15	7	47	34	4.790633137	4.568472255	5.012794018	4.637401254	67.37214363	16.98585419	7.633297062	8.008705114	99.85331667
2010	7	12	14	16	22	4.754427974	4.534584168	4.97427178	4.623980149	64.59715124	14.03718604	12.9444384	8.421224312	99.92394611
2010	8	8	20	45	10	3.23910991	3.079135416	3.399084404	4.938841167	58.75075603	19.79985704	7.44487821	14.00450872	98.80480252
2010	9	5	3	13	58	5.320005774	5.042419879	5.597591669	5.217774317	67.4591712	11.56538162	11.40984335	9.565603822	97.7997501
2010	10	2	9	42	46	5.075515653	4.840222899	5.310808407	4.635839389	65.94309341	13.38882542	8.704640662	11.96344051	99.85874939
2010	10	29	16	11	34	6.254629234	5.90803515	6.601223319	5.541400962	71.37383072	10.29527781	6.649385777	11.68150569	96.40373751
2010	11	25	22	40	22	4.547375026	4.321224871	4.77352518	4.973202193	62.04238921	15.99779796	8.252133223	13.7076796	98.68528277
2010	12	23	5	9	10	5.241114219	4.943323508	5.538904929	5.681820662	68.68331442	15.10215664	8.183881952	8.030646992	95.72445265
2011	1	19	11	37	58	3.763645843	3.537379939	3.989911747	6.011880856	54.16063466	19.42787654	16.02293126	10.38855753	93.8175694
2011	2	15	18	6	46	6.116146307	5.828981933	6.40331068	4.695184823	55.25512429	13.27954645	24.28587004	7.179459224	99.65232508
2011	3	15	0	35	34	6.516821149	6.21298146	6.820660837	4.662391091	76.51927685	13.6571553	7.939446744	1.884121107	99.76639322
2011	4	11	7	4	22	6.161690728	5.876775372	6.446606084	4.623980149	76.26298331	13.57333188	4.37217902	5.791505792	99.90221112
2011	5	8	13	33	10	6.810453304	6.493136076	7.127770532	4.659267362	77.15888054	12.69737559	4.698900142	5.444843733	99.77725865
2011	6	4	20	1	58	6.906347147	6.586395862	7.226298433	4.632713623	75.05439513	10.16100957	11.40665796	3.377937337	99.8696219
2011	7	2	2	30	46	6.619916091	6.298862416	6.940969766	4.849814871	68.15939487	14.26770445	12.68362201	4.889278667	99.11446732
2011	7	29	8	59	34	5.339232827	5.004406458	5.674059196	6.271057661	60.20843202	20.12079583	10.73543344	8.935338702	91.74770468
2011	8	25	15	28	22	4.906220692	4.679358021	5.133083363	4.623980149	68.39958671	16.97754092	6.672467236	7.950405134	99.90221112
2011	9	21	21	57	10	6.545855259	6.171683091	6.920027426	5.716169278	63.88035938	13.16388036	17.07039691	5.885363357	95.5345502
2011	10	19	4	25	58	5.807805562	5.532668869	6.082942254	4.737360603	75.19108976	14.2443765	5.85280629	4.711727451	99.50562286
2011	11	15	10	54	46	5.279097568	5.030326917	5.527868218	4.712370766	71.55793149	16.05934977	5.264019201	7.118699542	99.59254631
2011	12	12	17	23	34	4.696820609	4.438382558	4.955258659	5.502404114	61.38613861	15.61656166	11.52115212	11.47614761	96.57195632
2012	1	8	23	52	22	4.537807411	4.325670284	4.749944539	4.674881683	59.1327559	20.12856131	9.914474043	10.82420875	99.72294654
2012	2	5	6	21	10	6.572505723	6.206224458	6.938786988	5.572931851	73.47629797	14.28893905	8.120767494	4.113995485	96.26772424
2012	3	3	12	49	58	5.779372559	5.509825342	6.048919776	4.663952956	62.54969232	17.78031912	10.99493547	8.675053096	99.7609605
2012	3	30	19	18	46	5.135714487	4.863410908	5.408018066	5.302155717	64.79509339	19.7212155	7.995539448	7.488151659	97.43575814
2012	4	27	1	47	34	5.522196114	5.263263779	5.78112845	4.688937703	68.01286244	16.47591018	12.26291694	3.248310443	99.67405476
2012	5	24	8	16	22	6.236752731	5.938957433	6.534548029	4.774845359	59.99343976	17.40651651	19.93767767	2.662366062	99.37523768
2012	6	20	14	45	10	7.955848097	7.576714211	8.334981983	4.76547417	66.05093453	11.95759099	19.14416876	2.847305716	99.40783398
2012	7	17	21	13	58	6.175413808	5.886334446	6.464493171	4.681133469	65.27353967	13.45357454	17.03901482	4.233870968	99.70120063
2012	8	14	3	42	46	5.887250715	5.613407898	6.161093532	4.651454983	67.66819073	12.12170695	16.21489223	3.995210102	99.80443286
2012	9	10	10	11	34	4.737914472	4.516718371	4.959110574	4.668638551	66.6503268	16.78649237	7.238562092	9.324618736	99.74466236
2012	10	7	16	40	22	5.543447531	5.286375625	5.800519436	4.637401254	68.79760609	13.64526659	13.44396083	4.113166485	99.85331667
2012	11	3	23	9	10	5.105218686	4.865120272	5.345317099	4.702999577	55.28956266	14.35271022	21.15825063	9.199476497	99.62514261
2012	12	1	5	37	58	4.514899169	4.303903488	4.725894851	4.673319903	60.92166903	17.2295457	10.80727748	11.04150779	99.72837897
2012	12	28	12	6	46	5.026629724	4.786223383	5.267036066	4.782654684	61.35506097	14.11931974	13.86777492	10.65784437	99.3480741
2013	1	24	18	35	34	4.850593026	4.623606052	5.07758	4.679571604	66.44690241	15.57783469	6.456710075	11.51855283	99.70663335
2013	2	21	1	4	22	5.801430434	5.530945058	6.071915809	4.662391091	66.3254193	10.67850142	9.562186887	13.4338924	99.76639322
2013	3	20	7	33	10	5.718599412	5.4501006	5.987098224	4.695184823	70.68796337	15.58002617	7.544701265	6.187309202	99.65232508
2013	4	16	14	1	58	5.809487273	5.53581343	6.083161117	4.710808901	76.16320297	14.68935799	5.443735341	3.703703704	99.59797903
2013	5	13	20	30	46	5.549280556	5.285697747	5.812863365	4.749855522	54.76294516	18.01398296	21.31854927	5.904522613	99.46216113
2013	6	10	2	59	34	5.429977535	5.177404408	5.682550661	4.651458037	67.6936476	18.25703555	10.90305373	3.146263132	99.80442223
2013	7	7	9	28	22	5.70144526	5.432149075	5.970741445	4.723296862	61.41001855	12.81239769	20.83924479	4.938338972	99.5545415
2013	8	3	15	57	10	6.059386175	5.773750793	6.345021557	4.713932631	67.26310621	12.82526867	11.7724074	8.139217719	99.5871136
2013	8	30	22	25	58	4.815288506	4.590254466	5.040322546	4.673324145	71.59666612	14.88260609	7.386827913	6.133899875	99.72836421
2013	9	27	4	54	46	5.293895499	5.041450909	5.546340089	4.7685979	68.99322256	6.957804985	15.46786183	8.581110625	99.39696854
2013	10	24	11	23	34	5.855199707	5.574800539	6.135598875	4.788891622	57.15379567	12.28396412	26.33450011	4.227740101	99.32637983
2013	11	20	17	52	22	5.270840207	5.024763729	5.516916685	4.668638551	60.43572985	16.66666667	18.30065359	4.596949891	99.74466236
2013	12	18	0	21	10	6.333633749	6.034378061	6.632889436	4.724865685	63.85068762	11.41672124	15.16590264	9.566688496	99.54908459
2014	1	14	6	49	58	6.715371018	6.399966688	7.030775349	4.696752118	78.18667539	10.90393632	6.498746047	4.410642242	99.64687347
2014	2	10	13	18	46	6.103949968	5.816881584	6.391018352	4.702993722	60.47767054	12.54157806	23.28916517	3.691586237	99.62516297
2014	3	9	19	47	34	5.950479135	5.670721065	6.230237205	4.701437712	68.7496592	13.11958122	11.05294727	7.077812313	99.63057532
2014	4	6	2	16	22	5.833413084	5.55341887	6.113407299	4.799835197	61.50689429	17.36156708	16.20157584	4.929962793	99.28831423
2014	5	3	8	45	10	5.86829105	5.591847073	6.144735027	4.710808901	70.45764468	11.48202695	10.78383243	7.276495936	99.59797903
2014	5	30	15	13	58	6.12784658	5.831041026	6.424652133	4.843553921	62.94591484	10.86634884	21.56830511	4.619431202	99.13624511
2014	6	26	21	42	46	3.734946781	3.55917558	3.910717982	4.706123307	63.95069808	20.07526178	6.1245637	9.84947644	99.61427718
2014	7	24	4	11	34	4.841583983	4.612523167	5.070644799	4.731113144	70.36026201	19.56331878	4.394104803	5.68231441	99.52735372
2014	8	20	10	40	22	7.108117737	6.773045855	7.443189618	4.713932631	71.37635699	14.61458731	8.510174022	5.498881676	99.5871136
2014	9	16	17	9	10	6.126812043	5.837520209	6.416103877	4.721735082	70.98815955	17.35144868	8.342882087	3.317509685	99.55997392
2014	10	13	23	37	58	-9999	-9999	-9999	-9999	-9999	-9999	-9999	-9999	-9999
2014	11	10	6	6	46	11.77827925	11.07412573	12.48243278	5.978407461	83.31933949	8.237708741	5.700158597	2.742793171	58.23328082
2014	12	7	12	35	34	8.894585649	8.46307579	9.326095508	4.851376736	71.91799594	13.76418352	10.78769939	3.530121142	99.10903461
2015	1	3	19	4	22	8.554198396	8.084054163	9.024342629	5.496064165	77.20728827	14.08165561	6.16353616	2.547519964	96.59930465
2015	1	31	1	33	10	9.710393922	9.249467566	10.17132028	4.746731792	82.47951939	9.524849809	4.915346805	3.080283998	99.47302657
2015	2	27	8	1	58	8.803725153	8.385973434	9.221476871	4.745169927	73.87908907	11.85626126	6.285839113	7.978810551	99.47845928
2015	3	26	14	30	46	7.839744966	7.469939778	8.209550155	4.71705636	67.67963337	12.43930384	15.95286159	3.928201211	99.57624817
2015	4	22	20	59	34	9.157260145	8.727452873	9.587067418	4.693623043	71.26192423	7.60425184	14.63614064	6.497683292	99.6577575
2015	5	20	3	28	22	6.612767525	6.302905204	6.922629846	4.685819064	73.43179465	15.65752902	6.038476211	4.87220012	99.68490248
2015	6	16	9	57	10	6.995359832	6.65893854	7.331781124	4.809206386	69.51833607	13.35522715	11.12205802	6.004378763	99.25571793
2015	7	13	16	25	58	8.572358241	8.171342488	8.973373995	4.67800974	84.68998583	10.97853329	1.759834369	2.571646508	99.71206606
2015	8	9	22	54	46	7.883184141	7.509853007	8.256515274	4.735791102	74.24391309	16.1480511	8.679986898	0.928048914	99.51108214
2015	9	6	5	23	34	7.815117853	7.447206709	8.183028998	4.707685171	75.01499864	17.37114808	4.139623671	3.474229615	99.60884446
2015	10	3	11	52	22	7.875764838	7.50856588	8.242963797	4.662391091	70.5075147	13.90219996	11.47898061	4.111304727	99.76639322
2015	10	30	18	21	10	6.641404924	6.320865027	6.961944821	4.826386899	67.06281834	18.91122186	8.516348102	5.509611698	99.19595806
2015	11	27	0	49	58	8.515708568	8.112156406	8.91926073	4.738914662	72.74514086	12.388076	10.71194584	4.154837301	99.5002173
2015	12	24	7	18	46	8.591929137	8.188119135	8.995739139	4.699875847	68.35877863	11.34133043	16.8865867	3.413304253	99.63600804
2016	1	20	13	47	34	7.000833924	6.571348413	7.430319434	6.134776446	70.2707444	14.74767557	11.88819367	3.093386352	92.90487315
2016	2	16	20	16	22	6.123080253	5.743486785	6.50267372	6.199387434	69.26006913	22.08506736	5.882767863	2.772095648	77.0196121
2016	3	15	2	45	10	8.377054097	7.895491207	8.858616987	5.748594726	78.59625135	10.49962969	6.346493477	4.557625477	95.35528031
2016	4	11	9	13	58	7.903541483	7.385279008	8.421803959	6.557344912	68.98705935	15.35666475	11.32785109	4.32842481	85.22301298
2016	5	8	15	42	46	7.145289629	6.768954952	7.521624306	5.266891848	76.54623393	13.11028225	8.818126148	1.52535768	97.58787418
2016	6	4	22	11	34	6.458776094	6.137870732	6.779681457	4.968516599	72.58916777	18.69771026	5.091369441	3.621752532	98.70158092
2016	7	2	4	40	22	7.891146865	7.519287269	8.263006461	4.712364402	74.93590793	13.63661157	5.689194349	5.738286151	99.59256845
2016	7	29	11	9	10	7.340127688	6.996985086	7.683270291	4.67488601	75.56657224	13.50512094	7.479843103	3.448463718	99.72293149
2016	8	25	17	37	58	7.074546437	6.713322876	7.435769998	5.105960705	74.52433628	13.79977876	8.772123894	2.903761062	98.22350193
2016	9	22	0	6	46	7.898059687	7.513414772	8.282704601	4.870119114	77.65893259	11.86440678	8.600735012	1.875925621	99.04384202
2016	10	19	6	35	34	6.233067853	5.937006659	6.529129047	4.749847122	70.46261401	17.95838112	6.242831394	5.336173467	99.46219035
2016	11	15	13	4	22	5.972503155	5.680795596	6.264210715	4.884175898	67.52826254	16.62276369	7.249478652	8.599495116	98.99494757
2016	12	12	19	33	10	6.644777931	6.320339072	6.969216791	4.882614033	70.19700379	16.79745377	6.118641278	6.886901169	99.00038029
2017	1	9	2	1	58	5.929575858	5.647003452	6.212148263	4.76547417	67.25325172	17.59755164	3.268116734	11.8810799	99.40783398
2017	2	5	8	30	46	6.567501014	6.222757748	6.91224428	5.249230494	72.2438536	13.42196017	3.899210146	10.43497608	97.6640591
2017	3	4	14	59	34	5.847390027	5.556587498	6.138192556	4.973202193	72.40297275	13.40489953	5.736306083	8.455821635	98.68528277
2017	3	31	21	28	22	7.362091975	6.986416424	7.737767527	5.102836975	66.60767614	11.45890941	18.13958633	3.793828116	98.23436736
2017	4	28	3	57	10	5.678278102	5.404754553	5.95180165	4.81701571	64.32521215	15.68573775	10.23268546	9.756364632	99.22855435
2017	5	25	10	25	58	6.36339628	6.059753333	6.667039227	4.771712042	69.07351735	12.98715496	6.553703198	11.38562449	99.38613646
2017	6	21	16	54	46	5.950843863	5.661495399	6.240192327	4.86230979	64.80587848	16.06163632	9.623821013	9.508664181	99.0710056
2017	7	18	23	23	34	7.494170376	7.128844206	7.859496546	4.874804709	80.25565065	11.63045864	4.202326092	3.911564626	99.02754387
2017	8	15	5	52	22	6.934199616	6.596387533	7.2720117	4.871680979	68.08557323	13.63137685	11.19583105	7.08721887	99.0384093
2017	9	11	12	21	10	6.080764415	5.795071351	6.366457479	4.698308383	71.12092465	12.33780395	4.972194962	11.56907644	99.64146023
2017	10	8	18	49	58	5.554881316	5.282269746	5.827492887	4.90760387	67.38067776	16.51562586	5.036524414	11.06717197	98.91345684
2017	11	5	1	18	46	5.047039403	4.789260726	5.304818079	5.107522569	65.6839427	17.47331158	7.245975994	9.596769733	98.21806921
2017	12	2	7	47	34	6.115343188	5.809782105	6.42090427	4.996630166	68.57300275	16.52892562	5.619834711	9.278236915	98.60379204
2017	12	29	14	16	22	4.499882359	4.280522566	4.719242153	4.874789521	63.65681058	18.44314005	4.476383784	13.42366559	99.0275967
2018	1	25	20	45	10	4.888251509	4.64904262	5.127460398	4.893547087	65.67852437	13.88888889	4.325867369	16.10671937	98.96235128
2018	2	22	3	13	58	5.068427949	4.810585954	5.326269945	5.087218327	58.92659739	22.23082025	6.140835728	12.70174663	98.28869452
2018	3	21	9	42	46	4.627390452	4.412799789	4.841981115	4.637401254	67.18715996	18.04134929	5.092491839	9.678998912	99.85331667
2018	4	17	16	11	34	5.864661445	5.552158861	6.177164029	5.328569889	63.72871895	12.67094613	13.27379291	10.326542	97.3218166
2018	5	14	22	40	22	4.813880665	4.572145871	5.055615459	5.021620003	62.31940002	14.95533252	10.78085365	11.94441381	98.51686858
2018	6	11	5	9	10	5.258071252	5.002982406	5.513160097	4.851376736	67.59304939	12.20742202	6.073562462	14.12596612	99.10903461
2018	7	8	11	37	58	4.589875954	4.374874359	4.804877549	4.684257199	61.33514986	19.04632153	5.694822888	13.92370572	99.6903352
2018	8	4	18	6	46	5.407508066	5.120795315	5.694220818	5.302123424	58.42997324	18.01962533	12.37734166	11.17305977	97.43589744
2018	9	1	0	35	34	5.294094486	5.009792898	5.578396074	5.370164606	61.28292601	13.08651641	7.533135731	18.09742184	97.14239148
2018	9	28	7	4	22	4.389258292	4.17782703	4.600689553	4.81701571	58.53271284	17.09280044	9.384067889	14.99041883	99.22855435
2018	10	25	13	33	10	4.618930108	4.388788526	4.849071691	4.982573383	58.77526296	17.37981166	12.20882207	11.63610331	98.65268648
2018	11	21	20	1	58	5.467783385	5.175808997	5.759757774	5.339904088	73.57310399	13.78867419	4.506869206	8.131352619	97.27292482
2018	12	19	2	30	46	5.481742662	5.206984081	5.756501244	5.012248814	69.707828	15.22050717	5.700110254	9.371554576	98.54946488
2019	1	15	8	59	34	6.081555999	5.786706778	6.376405221	4.848253007	77.57741847	14.90819403	4.543710606	2.970676898	99.11990004
2019	2	11	15	28	22	5.239072903	4.952711422	5.525434384	5.465880821	71.17663578	17.06262286	4.324627914	7.436113451	96.72950508
2019	3	10	21	57	10	5.323199086	5.056637718	5.589760453	5.00754082	70.20502646	16.82098765	7.501102293	5.472883598	98.56584094
2019	4	7	4	25	58	5.702090688	5.422165606	5.98201577	4.909165735	69.56497858	13.95693727	6.931780732	9.546303416	98.90802412
2019	5	4	10	54	46	5.230770696	4.979212138	5.482329254	4.809206386	63.98467433	16.59003831	9.885057471	9.540229885	99.25571793
2019	5	31	17	23	34	3.741300176	3.534496345	3.948104008	5.527592591	63.90515882	14.6373057	6.234512278	15.2230232	96.463302
2019	6	27	23	52	22	5.129783429	4.881479834	5.378087023	4.840430361	65.29505233	12.07057148	11.02405348	11.61032272	99.14710995
2019	7	25	6	21	10	5.320655495	4.993388897	5.647922093	6.150869916	64.48269805	12.55342819	7.424322267	15.5395515	92.7853534
2019	8	21	12	49	58	5.764024996	5.429386821	6.09866317	5.805633645	68.70927175	14.67360238	9.311764033	7.305361838	95.03993046
2019	9	17	19	18	46	4.944811578	4.69155913	5.198064027	5.121579353	61.08467072	13.86275595	12.21914776	12.83342557	98.16917477
2019	10	15	1	47	34	3.262785122	3.098584504	3.426985739	5.0325293	49.40975287	18.25353045	14.96028244	17.37643425	98.47892221
2019	11	11	8	16	22	4.361142752	4.140916662	4.581368841	5.04973357	62.03356149	14.6555531	5.707661735	17.60322367	98.4190797
2019	12	8	14	45	10	3.251718581	3.087870968	3.415566193	5.038800517	60.37079954	25.7959499	3.884566573	9.948683993	98.45710871
2020	1	4	21	13	58	3.904234389	3.706898018	4.10157076	5.054419165	60.15016839	16.99331972	5.239330867	17.61718103	98.40278155
2020	2	1	3	42	46	4.661181016	4.393137009	4.929225022	5.750559905	64.03053957	20.8307219	7.86279984	7.275938693	95.34441547
2020	2	28	10	11	34	5.054639758	4.783961194	5.325318321	5.35505152	59.12367965	15.62622255	11.42905047	13.82104734	97.20758407
2020	3	26	16	40	22	4.450987391	4.232828635	4.669146147	4.901356411	62.09982977	17.61572676	9.214211191	11.07023228	98.9351877
2020	4	22	23	9	10	3.725821688	3.538666889	3.912976488	5.023181868	63.71256825	16.26868141	5.603044174	14.41570617	98.51143587
2020	5	20	5	37	58	3.971871849	3.76925683	4.174486867	5.10124762	66.71643442	15.77637691	4.628400796	12.87878788	98.2398957
2020	6	16	12	6	46	4.208004118	3.995116781	4.420891454	5.059104759	67.82440641	15.15737162	3.506350083	13.51187189	98.3864834
2020	7	13	18	35	34	4.358532028	4.155864814	4.561199242	4.649896173	61.81145221	18.08186371	7.353581537	12.75310255	99.80985495
2020	8	10	1	4	22	4.640050229	4.416538281	4.863562178	4.81701571	65.485902	15.23679168	6.695866411	12.58143991	99.22855435
2020	9	6	7	33	10	4.077923077	3.877859146	4.277987007	4.906025121	63.44664726	16.18430446	9.259157559	11.10989071	98.91894828
2020	10	3	14	1	58	3.514960114	3.34987115	3.680049077	4.696752118	55.32112092	23.44891506	11.39461346	9.835350562	99.64687347
2020	10	30	20	30	46	5.506830842	5.209024331	5.804637353	5.407947323	67.58725001	16.80578119	7.601815024	8.005153773	96.97941001
2020	11	27	2	59	34	5.316436363	5.030399327	5.602473398	5.380239997	70.91143065	13.41129077	6.501426733	9.175851844	97.09892975
2020	12	24	9	28	22	5.48564081	5.202206396	5.769075224	5.166842379	72.21483206	15.72996342	5.187894912	6.867309611	98.01173403
2021	1	20	15	57	10	5.807259485	5.491231225	6.123287745	5.441951768	68.76683124	11.62477558	4.247082585	15.36131059	96.83272668
2021	2	16	22	25	58	5.678825884	5.402792473	5.954859295	4.860747925	64.37462302	17.9415474	10.85704886	6.826780721	99.07643831
2021	3	16	4	54	46	4.43224456	4.181893179	4.682595941	5.648410809	60.45655376	16.38155659	10.84740002	12.31448963	95.90916499
2021	4	12	11	23	34	4.847060371	4.615318405	5.078802337	4.781082722	64.92973919	20.25807863	9.251462628	5.560719558	99.35354194
2021	5	9	17	52	22	5.001137349	4.740630187	5.26164451	5.20895835	66.51674163	16.05863735	7.19084902	10.233772	97.83777911
2021	6	6	0	21	10	4.930643	4.696213551	5.165072449	4.754541116	69.33078394	13.71210052	8.210871347	8.746244196	99.44586299
2021	7	3	6	49	58	4.589047546	4.358172968	4.819922124	5.030991192	63.38812886	16.98477493	10.94991174	8.677184466	98.48427229
2021	7	30	13	18	46	4.181541813	3.939477338	4.423606288	5.788880889	66.03471905	16.5772042	4.225673824	13.16240292	95.13255106
2021	8	26	19	47	34	5.133940304	4.885354629	5.382525978	4.842005547	62.86371856	19.35448518	6.986684202	10.79511206	99.1416309
2021	9	23	2	16	22	3.682430335	3.494694462	3.870166208	5.09815138	46.46944982	19.59635057	19.52999724	14.40420238	98.25066551
2021	10	20	8	45	10	5.19925003	4.931585825	5.466914235	5.148131055	54.522794	15.2606215	19.46490888	10.75167562	98.0768186
2021	11	16	15	13	58	5.893529556	5.524482198	6.262576915	6.261907321	73.11764358	11.23794878	5.335068315	10.30933933	91.84593655
2021	12	13	21	42	46	5.281579848	4.957991726	5.60516797	6.12672971	67.24520804	19.33730715	6.895745676	6.52173913	92.96463302
2022	1	10	4	11	34	4.997556775	4.72181572	5.273297829	5.5175172	60.7014186	18.53186219	14.00022517	6.766494033	96.50676373
2022	2	6	10	40	22	3.828381212	3.627922255	4.028840169	5.236128433	63.59885751	28.41954935	6.854966677	1.126626468	97.72057683
